6.691596220948532903e+00 7.809974196396800572e+00 5.981357815871700012e+00 2.852335547842418606e+00
-7.068171609286899582e+00 -1.391604570451883482e+01 3.866421414777970078e+00 3.059228568019287664e+00
-7.845311100641466417e+00 8.829121971074298969e+00 2.403749266534509932e+00 2.695883764730775844e+00
-1.888970079419780035e+01 5.467911199409033474e-01 3.874307979995160078e+00 2.565843059245198621e+00
1.000305192792509956e+00 8.188759686654600856e+00 1.273485909317719988e+00 3.072701406453404616e+00
-1.348277348723889979e+01 1.870701497982719985e+01 1.166034250327359967e+00 2.501249558234200698e+00
1.190305053170446570e+01 -5.271663583837700173e+00 1.973332260935930060e+00 2.944984808776435870e+00
5.594039541539967075e+00 -4.224916247443933237e+00 5.599356780249279630e+00 2.943856613152387780e+00
3.821191196613633156e+00 1.875331748775773377e+01 3.395756216470169786e+00 2.641995456011170695e+00
3.350171294229933761e+00 -1.250792590326859965e+01 5.580244682217910146e+00 3.186417440220190134e+00
